7.576500000000000000e+04
7.583000000000000000e+04
7.580900000000000000e+04
7.575000000000000000e+04
7.567100000000000000e+04
7.576100000000000000e+04
7.577500000000000000e+04
7.563900000000000000e+04
7.587200000000000000e+04
7.558200000000000000e+04
7.576400000000000000e+04
7.566400000000000000e+04
7.557300000000000000e+04
7.570500000000000000e+04
7.569000000000000000e+04
7.577000000000000000e+04
7.563300000000000000e+04
7.576400000000000000e+04
7.564600000000000000e+04
7.575000000000000000e+04
7.568900000000000000e+04
7.571400000000000000e+04
7.568900000000000000e+04
7.578000000000000000e+04
7.570300000000000000e+04
7.563800000000000000e+04
7.579200000000000000e+04
7.573200000000000000e+04
7.573400000000000000e+04
7.573400000000000000e+04
7.579700000000000000e+04
7.573100000000000000e+04
7.572900000000000000e+04
7.574300000000000000e+04
7.573700000000000000e+04
7.566200000000000000e+04
7.586900000000000000e+04
7.579100000000000000e+04
7.576300000000000000e+04
7.576800000000000000e+04
7.585100000000000000e+04
7.570500000000000000e+04
7.576200000000000000e+04
7.588900000000000000e+04
7.574400000000000000e+04
7.583100000000000000e+04
7.568600000000000000e+04
7.588700000000000000e+04
7.570400000000000000e+04
7.574600000000000000e+04
7.569200000000000000e+04
7.591200000000000000e+04
7.583700000000000000e+04
7.566000000000000000e+04
7.561600000000000000e+04
7.583300000000000000e+04
7.558800000000000000e+04
7.567400000000000000e+04
7.564400000000000000e+04
7.583400000000000000e+04
7.585700000000000000e+04
7.594100000000000000e+04
7.577800000000000000e+04
7.582700000000000000e+04
7.583500000000000000e+04
7.587800000000000000e+04
7.576100000000000000e+04
7.565700000000000000e+04
7.538000000000000000e+04
7.572900000000000000e+04
7.562700000000000000e+04
7.578100000000000000e+04
7.578700000000000000e+04
7.589100000000000000e+04
7.565500000000000000e+04
7.574100000000000000e+04
7.568400000000000000e+04
7.573800000000000000e+04
7.585100000000000000e+04
7.583700000000000000e+04
7.578300000000000000e+04
7.563700000000000000e+04
7.582800000000000000e+04
7.565100000000000000e+04
7.589400000000000000e+04
7.556400000000000000e+04
7.571500000000000000e+04
7.558600000000000000e+04
7.585600000000000000e+04
7.572900000000000000e+04
7.571000000000000000e+04
7.565800000000000000e+04
7.576300000000000000e+04
7.560500000000000000e+04
7.572900000000000000e+04
7.566500000000000000e+04
7.568100000000000000e+04
7.567700000000000000e+04
7.567400000000000000e+04
7.566900000000000000e+04
7.575200000000000000e+04
7.571500000000000000e+04
7.590100000000000000e+04
7.576900000000000000e+04
7.563100000000000000e+04
7.561200000000000000e+04
7.590500000000000000e+04
7.565300000000000000e+04
7.596200000000000000e+04
7.578200000000000000e+04
7.561000000000000000e+04
7.557200000000000000e+04
7.572500000000000000e+04
7.571600000000000000e+04
7.574000000000000000e+04
7.567000000000000000e+04
7.587800000000000000e+04
7.561600000000000000e+04
7.577600000000000000e+04
7.588100000000000000e+04
7.565900000000000000e+04
7.584800000000000000e+04
7.574300000000000000e+04
7.582400000000000000e+04
7.581400000000000000e+04
7.563800000000000000e+04
7.574400000000000000e+04
7.571900000000000000e+04
7.578200000000000000e+04
7.586900000000000000e+04
7.577000000000000000e+04
7.559400000000000000e+04
7.577100000000000000e+04
7.570700000000000000e+04
7.558200000000000000e+04
7.585000000000000000e+04
7.579200000000000000e+04
7.559800000000000000e+04
7.566200000000000000e+04
7.574100000000000000e+04
7.573600000000000000e+04
7.573100000000000000e+04
7.585400000000000000e+04
7.580700000000000000e+04
7.575400000000000000e+04
7.573300000000000000e+04
7.570500000000000000e+04
7.579000000000000000e+04
7.564200000000000000e+04
7.573000000000000000e+04
7.562200000000000000e+04
7.576200000000000000e+04
7.572900000000000000e+04
7.578900000000000000e+04
7.579900000000000000e+04
7.581600000000000000e+04
7.560700000000000000e+04
7.559500000000000000e+04
7.577900000000000000e+04
7.568300000000000000e+04
7.568600000000000000e+04
7.578400000000000000e+04
7.574700000000000000e+04
7.548000000000000000e+04
7.579400000000000000e+04
7.570400000000000000e+04
7.582200000000000000e+04
7.569200000000000000e+04
7.573200000000000000e+04
7.561000000000000000e+04
7.565800000000000000e+04
7.583100000000000000e+04
7.561100000000000000e+04
7.549400000000000000e+04
7.584600000000000000e+04
7.569200000000000000e+04
7.572400000000000000e+04
7.577700000000000000e+04
7.568000000000000000e+04
7.577200000000000000e+04
7.572400000000000000e+04
7.570800000000000000e+04
7.573700000000000000e+04
7.588000000000000000e+04
7.582500000000000000e+04
7.573600000000000000e+04
7.578700000000000000e+04
7.563500000000000000e+04
7.562900000000000000e+04
7.566600000000000000e+04
7.592000000000000000e+04
7.579800000000000000e+04
7.559500000000000000e+04
7.585400000000000000e+04
7.575400000000000000e+04
7.573300000000000000e+04
7.571400000000000000e+04
7.557900000000000000e+04
7.567300000000000000e+04
7.583800000000000000e+04
7.572500000000000000e+04
7.582200000000000000e+04
7.583100000000000000e+04
7.584900000000000000e+04
7.562900000000000000e+04
7.576600000000000000e+04
7.574800000000000000e+04
7.558200000000000000e+04
7.584400000000000000e+04
7.575900000000000000e+04
7.569400000000000000e+04
7.581800000000000000e+04
7.566700000000000000e+04
7.575700000000000000e+04
7.587400000000000000e+04
7.556800000000000000e+04
7.580900000000000000e+04
7.582600000000000000e+04
7.554500000000000000e+04
7.579600000000000000e+04
7.565500000000000000e+04
7.571000000000000000e+04
7.575000000000000000e+04
7.582900000000000000e+04
7.568700000000000000e+04
7.584000000000000000e+04
7.569400000000000000e+04
7.575500000000000000e+04
7.585300000000000000e+04
7.569600000000000000e+04
7.595200000000000000e+04
7.564600000000000000e+04
7.566300000000000000e+04
7.567200000000000000e+04
7.580500000000000000e+04
7.570800000000000000e+04
7.589500000000000000e+04
7.574000000000000000e+04
7.568500000000000000e+04
7.565600000000000000e+04
7.573500000000000000e+04
7.553500000000000000e+04
7.570800000000000000e+04
7.564100000000000000e+04
7.588000000000000000e+04
7.560900000000000000e+04
7.560400000000000000e+04
7.561600000000000000e+04
7.561800000000000000e+04
7.580200000000000000e+04
7.582700000000000000e+04
7.580000000000000000e+04
7.588300000000000000e+04
7.584100000000000000e+04
7.578500000000000000e+04
7.577800000000000000e+04
7.583800000000000000e+04
7.560800000000000000e+04
7.562800000000000000e+04
7.567500000000000000e+04
7.586800000000000000e+04
7.581000000000000000e+04
7.594100000000000000e+04
7.556600000000000000e+04
7.581100000000000000e+04
7.570200000000000000e+04
7.590300000000000000e+04
7.585100000000000000e+04
7.558400000000000000e+04
7.575100000000000000e+04
7.574900000000000000e+04
7.578700000000000000e+04
7.572200000000000000e+04
7.562700000000000000e+04
7.563600000000000000e+04
7.563600000000000000e+04
7.570700000000000000e+04
7.571800000000000000e+04
7.573500000000000000e+04
7.577000000000000000e+04
7.573300000000000000e+04
7.566700000000000000e+04
7.578700000000000000e+04
7.562900000000000000e+04
7.572600000000000000e+04
7.577100000000000000e+04
7.591200000000000000e+04
7.573500000000000000e+04
7.578200000000000000e+04
7.579600000000000000e+04
7.570400000000000000e+04
7.583800000000000000e+04
7.583000000000000000e+04
7.579900000000000000e+04
7.569000000000000000e+04
7.586600000000000000e+04
7.573500000000000000e+04
7.589500000000000000e+04
7.564600000000000000e+04
7.570900000000000000e+04
7.582300000000000000e+04
7.578900000000000000e+04
7.575500000000000000e+04
7.577100000000000000e+04
7.572400000000000000e+04
7.579300000000000000e+04
7.576800000000000000e+04
7.570600000000000000e+04
7.580600000000000000e+04
7.577000000000000000e+04
7.576600000000000000e+04
7.561900000000000000e+04
7.580200000000000000e+04
7.586500000000000000e+04
7.574600000000000000e+04
7.584100000000000000e+04
7.576600000000000000e+04
7.582500000000000000e+04
7.564200000000000000e+04
7.568300000000000000e+04
7.575600000000000000e+04
7.563600000000000000e+04
7.570900000000000000e+04
7.580200000000000000e+04
7.574600000000000000e+04
7.580500000000000000e+04
7.573000000000000000e+04
7.591900000000000000e+04
7.588200000000000000e+04
7.579800000000000000e+04
7.583500000000000000e+04
7.586500000000000000e+04
7.586300000000000000e+04
7.576400000000000000e+04
7.571800000000000000e+04
7.575500000000000000e+04
7.570900000000000000e+04
7.557200000000000000e+04
7.572400000000000000e+04
7.585800000000000000e+04
7.574000000000000000e+04
7.564100000000000000e+04
7.586600000000000000e+04
7.574000000000000000e+04
7.583800000000000000e+04
7.569200000000000000e+04
7.571400000000000000e+04
7.575200000000000000e+04
7.577700000000000000e+04
7.583000000000000000e+04
7.579300000000000000e+04
7.570700000000000000e+04
7.570600000000000000e+04
7.570200000000000000e+04
7.579600000000000000e+04
7.560100000000000000e+04
7.585500000000000000e+04
7.574200000000000000e+04
7.557200000000000000e+04
7.586400000000000000e+04
7.556100000000000000e+04
7.567200000000000000e+04
7.588900000000000000e+04
7.566100000000000000e+04
7.579100000000000000e+04
7.564300000000000000e+04
7.573300000000000000e+04
7.575300000000000000e+04
7.555900000000000000e+04
7.575100000000000000e+04
7.580800000000000000e+04
7.580500000000000000e+04
7.569100000000000000e+04
7.560900000000000000e+04
7.570600000000000000e+04
7.571300000000000000e+04
7.583000000000000000e+04
7.569400000000000000e+04
7.557700000000000000e+04
7.568700000000000000e+04
7.577200000000000000e+04
7.576200000000000000e+04
7.562900000000000000e+04
7.581100000000000000e+04
7.586300000000000000e+04
7.571600000000000000e+04
7.557000000000000000e+04
7.560100000000000000e+04
7.584900000000000000e+04
7.599900000000000000e+04
7.584500000000000000e+04
7.572900000000000000e+04
7.570100000000000000e+04
7.580600000000000000e+04
7.570900000000000000e+04
7.574200000000000000e+04
7.566200000000000000e+04
7.564200000000000000e+04
7.580000000000000000e+04
7.585800000000000000e+04
7.585600000000000000e+04
7.574900000000000000e+04
7.562000000000000000e+04
7.558200000000000000e+04
7.568800000000000000e+04
7.579200000000000000e+04
7.574600000000000000e+04
7.589200000000000000e+04
7.576800000000000000e+04
7.553900000000000000e+04
7.577600000000000000e+04
7.580900000000000000e+04
7.583600000000000000e+04
7.569400000000000000e+04
7.565000000000000000e+04
7.569600000000000000e+04
7.585600000000000000e+04
7.571600000000000000e+04
7.584500000000000000e+04
7.571800000000000000e+04
7.578200000000000000e+04
7.555000000000000000e+04
7.578000000000000000e+04
7.557200000000000000e+04
7.581100000000000000e+04
7.563700000000000000e+04
7.561800000000000000e+04
7.557400000000000000e+04
7.557400000000000000e+04
7.592300000000000000e+04
7.573600000000000000e+04
7.586900000000000000e+04
7.557400000000000000e+04
7.575900000000000000e+04
7.578400000000000000e+04
7.572900000000000000e+04
7.572000000000000000e+04
7.551100000000000000e+04
7.581100000000000000e+04
7.570600000000000000e+04
7.559100000000000000e+04
7.557900000000000000e+04
7.587900000000000000e+04
7.566700000000000000e+04
7.566600000000000000e+04
7.574000000000000000e+04
7.576700000000000000e+04
7.557800000000000000e+04
7.570400000000000000e+04
7.573500000000000000e+04
7.574500000000000000e+04
7.577600000000000000e+04
7.572200000000000000e+04
7.567600000000000000e+04
7.580800000000000000e+04
7.560600000000000000e+04
7.564900000000000000e+04
7.575300000000000000e+04
7.563700000000000000e+04
7.569700000000000000e+04
7.578400000000000000e+04
7.579600000000000000e+04
7.578400000000000000e+04
7.594300000000000000e+04
7.585000000000000000e+04
7.588800000000000000e+04
7.564500000000000000e+04
7.595800000000000000e+04
7.575500000000000000e+04
7.569400000000000000e+04
7.569100000000000000e+04
7.560800000000000000e+04
7.559400000000000000e+04
7.577900000000000000e+04
7.559200000000000000e+04
7.584900000000000000e+04
7.596300000000000000e+04
7.559900000000000000e+04
7.571900000000000000e+04
7.593500000000000000e+04
7.573600000000000000e+04
7.565700000000000000e+04
7.580000000000000000e+04
7.574500000000000000e+04
7.551800000000000000e+04
7.585100000000000000e+04
7.569300000000000000e+04
7.586600000000000000e+04
7.570100000000000000e+04
7.587800000000000000e+04
7.579500000000000000e+04
7.586100000000000000e+04
7.571600000000000000e+04
7.559700000000000000e+04
7.574900000000000000e+04
7.568100000000000000e+04
7.574200000000000000e+04
7.566600000000000000e+04
7.561800000000000000e+04
7.573400000000000000e+04
7.567100000000000000e+04
7.586300000000000000e+04
7.553400000000000000e+04
7.575200000000000000e+04
7.580300000000000000e+04
7.590300000000000000e+04
7.579900000000000000e+04
7.562100000000000000e+04
7.583400000000000000e+04
7.569600000000000000e+04
7.564200000000000000e+04
7.579300000000000000e+04
7.577500000000000000e+04
7.566300000000000000e+04
7.564900000000000000e+04
7.578200000000000000e+04
7.564900000000000000e+04
7.583600000000000000e+04
7.575600000000000000e+04
7.583400000000000000e+04
7.562000000000000000e+04
7.565300000000000000e+04
7.571800000000000000e+04
7.565200000000000000e+04
7.593300000000000000e+04
7.575200000000000000e+04
7.582700000000000000e+04
7.562700000000000000e+04
7.570300000000000000e+04
7.588900000000000000e+04
7.571000000000000000e+04
7.568700000000000000e+04
7.570200000000000000e+04
7.565300000000000000e+04
7.583700000000000000e+04
7.584900000000000000e+04
7.575300000000000000e+04
7.586100000000000000e+04
7.578200000000000000e+04
7.578400000000000000e+04
7.575900000000000000e+04
7.573400000000000000e+04
7.560000000000000000e+04
7.569100000000000000e+04
7.574900000000000000e+04
7.562900000000000000e+04
7.566000000000000000e+04
7.587500000000000000e+04
7.573100000000000000e+04
7.582200000000000000e+04
7.571800000000000000e+04
7.573900000000000000e+04
7.578400000000000000e+04
7.594100000000000000e+04
7.566600000000000000e+04
7.565000000000000000e+04
7.564800000000000000e+04
7.565000000000000000e+04
7.575100000000000000e+04
7.559800000000000000e+04
7.564400000000000000e+04
7.574500000000000000e+04
7.567800000000000000e+04
7.573000000000000000e+04
7.567600000000000000e+04
7.581300000000000000e+04
7.557700000000000000e+04
7.577700000000000000e+04
7.563400000000000000e+04
7.586600000000000000e+04
7.556200000000000000e+04
7.579100000000000000e+04
7.573900000000000000e+04
7.581600000000000000e+04
7.564300000000000000e+04
7.567200000000000000e+04
7.565700000000000000e+04
7.567200000000000000e+04
7.558100000000000000e+04
7.573600000000000000e+04
7.566700000000000000e+04
7.559200000000000000e+04
7.570200000000000000e+04
7.582600000000000000e+04
7.591600000000000000e+04
7.564500000000000000e+04
7.571400000000000000e+04
7.579400000000000000e+04
7.561200000000000000e+04
7.565200000000000000e+04
7.561100000000000000e+04
7.558800000000000000e+04
7.566600000000000000e+04
7.569800000000000000e+04
7.562400000000000000e+04
7.572900000000000000e+04
7.580400000000000000e+04
7.565700000000000000e+04
7.576000000000000000e+04
7.574300000000000000e+04
7.572800000000000000e+04
7.565500000000000000e+04
7.574900000000000000e+04
7.576100000000000000e+04
7.570800000000000000e+04
7.583400000000000000e+04
7.558700000000000000e+04
7.583200000000000000e+04
7.564000000000000000e+04
7.571000000000000000e+04
7.561300000000000000e+04
7.575500000000000000e+04
7.569900000000000000e+04
7.572300000000000000e+04
7.561300000000000000e+04
7.587800000000000000e+04
7.572100000000000000e+04
7.580400000000000000e+04
7.579600000000000000e+04
7.573100000000000000e+04
7.576500000000000000e+04
7.564600000000000000e+04
7.573000000000000000e+04
7.578800000000000000e+04
7.572900000000000000e+04
7.547100000000000000e+04
7.577600000000000000e+04
7.551200000000000000e+04
7.576800000000000000e+04
7.574200000000000000e+04
7.563200000000000000e+04
7.561800000000000000e+04
7.578100000000000000e+04
7.571000000000000000e+04
7.582300000000000000e+04
7.573700000000000000e+04
7.568100000000000000e+04
7.580400000000000000e+04
7.583500000000000000e+04
7.567600000000000000e+04
7.577000000000000000e+04
7.568400000000000000e+04
7.583700000000000000e+04
7.572700000000000000e+04
7.596600000000000000e+04
7.575500000000000000e+04
7.574400000000000000e+04
7.579900000000000000e+04
7.591700000000000000e+04
7.570300000000000000e+04
7.579600000000000000e+04
7.588600000000000000e+04
7.567300000000000000e+04
7.567100000000000000e+04
7.565900000000000000e+04
7.585100000000000000e+04
7.575400000000000000e+04
7.586400000000000000e+04
7.567700000000000000e+04
7.575900000000000000e+04
7.591400000000000000e+04
7.574100000000000000e+04
7.562300000000000000e+04
7.564400000000000000e+04
7.579200000000000000e+04
7.587400000000000000e+04
7.586100000000000000e+04
7.572300000000000000e+04
7.574500000000000000e+04
7.565900000000000000e+04
7.570500000000000000e+04
7.576600000000000000e+04
7.568700000000000000e+04
7.555200000000000000e+04
7.573300000000000000e+04
7.564100000000000000e+04
7.580900000000000000e+04
7.574100000000000000e+04
7.572600000000000000e+04
7.557900000000000000e+04
7.550600000000000000e+04
7.583500000000000000e+04
7.581200000000000000e+04
7.572900000000000000e+04
7.579500000000000000e+04
7.556300000000000000e+04
7.590100000000000000e+04
7.567300000000000000e+04
7.566500000000000000e+04
7.592700000000000000e+04
7.586400000000000000e+04
7.589500000000000000e+04
7.583800000000000000e+04
7.585900000000000000e+04
7.592600000000000000e+04
7.577400000000000000e+04
7.564800000000000000e+04
7.577000000000000000e+04
7.563200000000000000e+04
7.577900000000000000e+04
7.585500000000000000e+04
7.564900000000000000e+04
7.550300000000000000e+04
7.556200000000000000e+04
7.570700000000000000e+04
7.552400000000000000e+04
7.556200000000000000e+04
7.583400000000000000e+04
7.564400000000000000e+04
7.563600000000000000e+04
7.562900000000000000e+04
7.571500000000000000e+04
7.579400000000000000e+04
7.573400000000000000e+04
7.567200000000000000e+04
7.572900000000000000e+04
7.575900000000000000e+04
7.580300000000000000e+04
7.585000000000000000e+04
7.560100000000000000e+04
7.555000000000000000e+04
7.566600000000000000e+04
7.582700000000000000e+04
7.584800000000000000e+04
7.583900000000000000e+04
7.564000000000000000e+04
7.574600000000000000e+04
7.577500000000000000e+04
7.578800000000000000e+04
7.575200000000000000e+04
7.570300000000000000e+04
7.567300000000000000e+04
7.578200000000000000e+04
7.578200000000000000e+04
7.578100000000000000e+04
7.554900000000000000e+04
7.570300000000000000e+04
7.559300000000000000e+04
7.558000000000000000e+04
7.577100000000000000e+04
7.560700000000000000e+04
7.589700000000000000e+04
7.574000000000000000e+04
7.568500000000000000e+04
7.565600000000000000e+04
7.559000000000000000e+04
7.577500000000000000e+04
7.575200000000000000e+04
7.557700000000000000e+04
7.562600000000000000e+04
7.584900000000000000e+04
7.570600000000000000e+04
7.560500000000000000e+04
7.575500000000000000e+04
7.565300000000000000e+04
7.577700000000000000e+04
7.565000000000000000e+04
7.565300000000000000e+04
7.567100000000000000e+04
7.576500000000000000e+04
7.570900000000000000e+04
7.585600000000000000e+04
7.561000000000000000e+04
7.586400000000000000e+04
7.588100000000000000e+04
7.562500000000000000e+04
7.563600000000000000e+04
7.571400000000000000e+04
7.579900000000000000e+04
7.569200000000000000e+04
7.560400000000000000e+04
7.567200000000000000e+04
7.576400000000000000e+04
7.583600000000000000e+04
7.585800000000000000e+04
7.564400000000000000e+04
7.564600000000000000e+04
7.583400000000000000e+04
7.580500000000000000e+04
7.568700000000000000e+04
7.573000000000000000e+04
7.583900000000000000e+04
7.581700000000000000e+04
7.576500000000000000e+04
7.570000000000000000e+04
7.561000000000000000e+04
7.579300000000000000e+04
7.580400000000000000e+04
7.561000000000000000e+04
7.583100000000000000e+04
7.567600000000000000e+04
7.561800000000000000e+04
7.571600000000000000e+04
7.568200000000000000e+04
7.568400000000000000e+04
7.580700000000000000e+04
7.582400000000000000e+04
7.565700000000000000e+04
7.574800000000000000e+04
7.567700000000000000e+04
7.562700000000000000e+04
7.571300000000000000e+04
7.569600000000000000e+04
7.572200000000000000e+04
7.569700000000000000e+04
7.554900000000000000e+04
7.568900000000000000e+04
7.578600000000000000e+04
7.566200000000000000e+04
7.575200000000000000e+04
7.582800000000000000e+04
7.567800000000000000e+04
7.572900000000000000e+04
7.586500000000000000e+04
7.563900000000000000e+04
7.571000000000000000e+04
7.576500000000000000e+04
7.567300000000000000e+04
7.551700000000000000e+04
7.571900000000000000e+04
7.566800000000000000e+04
7.577100000000000000e+04
7.585000000000000000e+04
7.577400000000000000e+04
7.572300000000000000e+04
7.566800000000000000e+04
7.556000000000000000e+04
7.584300000000000000e+04
7.575500000000000000e+04
7.574000000000000000e+04
7.574600000000000000e+04
7.565100000000000000e+04
7.568900000000000000e+04
7.576900000000000000e+04
7.584800000000000000e+04
7.571700000000000000e+04
7.563700000000000000e+04
7.583200000000000000e+04
7.577300000000000000e+04
7.567700000000000000e+04
7.570300000000000000e+04
7.574500000000000000e+04
7.575200000000000000e+04
7.576700000000000000e+04
7.569500000000000000e+04
7.569800000000000000e+04
7.571600000000000000e+04
7.582900000000000000e+04
7.560100000000000000e+04
7.580300000000000000e+04
7.578300000000000000e+04
7.578200000000000000e+04
7.583100000000000000e+04
7.570400000000000000e+04
7.561000000000000000e+04
7.566600000000000000e+04
7.585400000000000000e+04
7.587700000000000000e+04
7.565200000000000000e+04
7.575800000000000000e+04
7.578200000000000000e+04
7.574000000000000000e+04
7.558900000000000000e+04
7.585400000000000000e+04
7.584100000000000000e+04
7.576900000000000000e+04
7.561700000000000000e+04
7.570200000000000000e+04
7.589600000000000000e+04
7.569800000000000000e+04
7.582300000000000000e+04
7.550800000000000000e+04
7.554100000000000000e+04
7.575700000000000000e+04
7.572000000000000000e+04
7.584200000000000000e+04
7.576100000000000000e+04
7.575300000000000000e+04
7.582600000000000000e+04
7.570200000000000000e+04
7.572500000000000000e+04
7.577500000000000000e+04
7.567300000000000000e+04
7.581200000000000000e+04
7.577000000000000000e+04
7.572700000000000000e+04
7.576100000000000000e+04
7.566600000000000000e+04
7.587600000000000000e+04
7.572600000000000000e+04
7.589500000000000000e+04
7.582700000000000000e+04
7.577700000000000000e+04
7.568300000000000000e+04
7.574200000000000000e+04
7.573600000000000000e+04
7.571400000000000000e+04
7.559200000000000000e+04
7.568200000000000000e+04
7.590200000000000000e+04
7.565500000000000000e+04
7.560900000000000000e+04
7.579500000000000000e+04
7.573700000000000000e+04
7.567400000000000000e+04
7.571200000000000000e+04
7.571700000000000000e+04
7.558100000000000000e+04
7.572400000000000000e+04
7.591300000000000000e+04
7.572300000000000000e+04
7.569700000000000000e+04
7.574900000000000000e+04
7.563600000000000000e+04
7.574000000000000000e+04
7.577700000000000000e+04
7.562800000000000000e+04
7.564400000000000000e+04
7.566600000000000000e+04
7.579200000000000000e+04
7.569300000000000000e+04
7.574300000000000000e+04
7.565700000000000000e+04
7.582500000000000000e+04
7.569200000000000000e+04
7.564400000000000000e+04
7.568500000000000000e+04
7.578400000000000000e+04
7.572600000000000000e+04
7.567900000000000000e+04
7.579700000000000000e+04
7.549800000000000000e+04
7.547600000000000000e+04
7.589800000000000000e+04
7.583200000000000000e+04
7.571600000000000000e+04
7.574900000000000000e+04
7.550900000000000000e+04
7.567600000000000000e+04
7.577800000000000000e+04
7.556300000000000000e+04
7.570000000000000000e+04
7.578100000000000000e+04
7.553200000000000000e+04
7.570400000000000000e+04
7.561500000000000000e+04
7.578000000000000000e+04
7.553700000000000000e+04
7.573000000000000000e+04
7.571500000000000000e+04
7.577100000000000000e+04
7.578500000000000000e+04
7.590300000000000000e+04
7.561500000000000000e+04
7.559500000000000000e+04
7.574200000000000000e+04
7.567600000000000000e+04
7.568700000000000000e+04
7.589600000000000000e+04
7.573800000000000000e+04
7.570200000000000000e+04
7.572500000000000000e+04
7.584200000000000000e+04
7.558100000000000000e+04
7.568200000000000000e+04
7.572300000000000000e+04
7.574400000000000000e+04
7.556000000000000000e+04
7.569900000000000000e+04
7.560300000000000000e+04
7.563200000000000000e+04
7.577700000000000000e+04
7.582400000000000000e+04
7.567000000000000000e+04
7.547300000000000000e+04
7.573600000000000000e+04
7.574700000000000000e+04
7.586700000000000000e+04
7.562200000000000000e+04
7.571600000000000000e+04
7.583200000000000000e+04
7.582600000000000000e+04
7.572300000000000000e+04
7.570500000000000000e+04
7.585000000000000000e+04
7.556300000000000000e+04
7.574000000000000000e+04
7.583300000000000000e+04
7.573300000000000000e+04
7.576500000000000000e+04
7.580700000000000000e+04
7.573700000000000000e+04
7.574200000000000000e+04
7.566800000000000000e+04
7.582700000000000000e+04
7.570800000000000000e+04
7.569100000000000000e+04
7.588800000000000000e+04
7.575200000000000000e+04
7.570100000000000000e+04
7.565100000000000000e+04
7.550800000000000000e+04
7.569600000000000000e+04
7.583300000000000000e+04
7.593800000000000000e+04
7.574100000000000000e+04
7.575600000000000000e+04
7.576800000000000000e+04
7.586300000000000000e+04
7.572900000000000000e+04
7.583100000000000000e+04
7.576100000000000000e+04
7.579600000000000000e+04
7.573500000000000000e+04
7.590800000000000000e+04
7.563300000000000000e+04
7.583800000000000000e+04
7.576600000000000000e+04
7.576000000000000000e+04
7.571800000000000000e+04
7.564700000000000000e+04
7.570500000000000000e+04
7.583600000000000000e+04
7.565900000000000000e+04
7.592400000000000000e+04
7.572500000000000000e+04
7.574300000000000000e+04
7.569600000000000000e+04
7.567200000000000000e+04
7.572000000000000000e+04
7.552400000000000000e+04
7.561200000000000000e+04
7.569500000000000000e+04
7.564900000000000000e+04
7.569600000000000000e+04
7.569100000000000000e+04
7.590500000000000000e+04
8.236000000000000000e+04
1.056110000000000000e+05
1.246730000000000000e+05
1.053780000000000000e+05
8.252500000000000000e+04
7.583100000000000000e+04
7.591900000000000000e+04
7.571700000000000000e+04
7.578300000000000000e+04
7.573100000000000000e+04
7.562200000000000000e+04
7.572900000000000000e+04
7.573200000000000000e+04
7.582600000000000000e+04
7.571500000000000000e+04
7.569500000000000000e+04
7.589500000000000000e+04
7.569000000000000000e+04
7.581100000000000000e+04
7.572200000000000000e+04
7.565500000000000000e+04
7.562800000000000000e+04
7.568400000000000000e+04
7.569000000000000000e+04
7.567800000000000000e+04
7.566600000000000000e+04
7.569400000000000000e+04
7.573600000000000000e+04
7.567800000000000000e+04
7.559400000000000000e+04
7.588000000000000000e+04
7.589600000000000000e+04
7.570900000000000000e+04
7.556000000000000000e+04
7.569300000000000000e+04
7.575500000000000000e+04
7.590300000000000000e+04
7.572400000000000000e+04
7.563900000000000000e+04
7.579900000000000000e+04
7.573600000000000000e+04
7.567300000000000000e+04
7.561600000000000000e+04
7.556300000000000000e+04
7.573700000000000000e+04
7.584200000000000000e+04
7.561000000000000000e+04
7.569600000000000000e+04
7.564400000000000000e+04
7.572300000000000000e+04
8.315100000000000000e+04
1.085130000000000000e+05
1.299270000000000000e+05
1.088040000000000000e+05
8.306900000000000000e+04
7.576600000000000000e+04
7.569200000000000000e+04
7.586000000000000000e+04
7.593300000000000000e+04
7.563100000000000000e+04
7.566900000000000000e+04
7.570700000000000000e+04
7.563900000000000000e+04
7.588100000000000000e+04
7.573600000000000000e+04
7.582100000000000000e+04
7.573800000000000000e+04
7.557700000000000000e+04
7.581000000000000000e+04
7.591300000000000000e+04
7.580100000000000000e+04
7.589600000000000000e+04
7.564400000000000000e+04
7.566900000000000000e+04
7.578000000000000000e+04
7.575800000000000000e+04
7.572800000000000000e+04
7.566600000000000000e+04
7.568600000000000000e+04
7.569100000000000000e+04
7.571500000000000000e+04
7.571100000000000000e+04
7.557000000000000000e+04
7.580400000000000000e+04
7.580400000000000000e+04
7.573500000000000000e+04
7.571900000000000000e+04
7.591400000000000000e+04
7.559000000000000000e+04
7.584000000000000000e+04
7.581700000000000000e+04
7.581400000000000000e+04
7.561800000000000000e+04
7.570900000000000000e+04
7.570300000000000000e+04
7.583000000000000000e+04
7.564200000000000000e+04
7.601900000000000000e+04
7.575800000000000000e+04
7.551700000000000000e+04
8.390100000000000000e+04
1.122930000000000000e+05
1.358150000000000000e+05
1.122530000000000000e+05
8.397600000000000000e+04
7.557900000000000000e+04
7.583300000000000000e+04
7.561500000000000000e+04
7.575000000000000000e+04
7.545300000000000000e+04
7.580600000000000000e+04
7.582600000000000000e+04
7.582500000000000000e+04
7.576100000000000000e+04
7.579100000000000000e+04
7.571100000000000000e+04
7.542100000000000000e+04
7.565300000000000000e+04
7.569600000000000000e+04
7.580000000000000000e+04
7.568000000000000000e+04
7.563800000000000000e+04
7.564900000000000000e+04
7.597500000000000000e+04
7.561900000000000000e+04
7.565400000000000000e+04
7.599100000000000000e+04
7.568300000000000000e+04
7.553000000000000000e+04
7.563400000000000000e+04
7.586200000000000000e+04
7.556200000000000000e+04
7.585600000000000000e+04
7.558000000000000000e+04
7.575300000000000000e+04
7.593500000000000000e+04
7.577600000000000000e+04
7.577200000000000000e+04
7.580800000000000000e+04
7.567200000000000000e+04
7.590200000000000000e+04
7.570400000000000000e+04
7.590700000000000000e+04
7.572800000000000000e+04
7.577200000000000000e+04
7.554000000000000000e+04
7.591900000000000000e+04
7.571000000000000000e+04
7.563500000000000000e+04
7.575400000000000000e+04
8.479600000000000000e+04
1.163070000000000000e+05
1.426140000000000000e+05
1.164480000000000000e+05
8.496000000000000000e+04
7.589500000000000000e+04
7.580200000000000000e+04
7.586300000000000000e+04
7.576500000000000000e+04
7.579500000000000000e+04
7.566800000000000000e+04
7.570100000000000000e+04
7.585700000000000000e+04
7.588600000000000000e+04
7.576300000000000000e+04
7.556600000000000000e+04
7.573000000000000000e+04
7.579000000000000000e+04
7.548300000000000000e+04
7.565500000000000000e+04
7.568000000000000000e+04
7.564600000000000000e+04
7.577100000000000000e+04
7.579800000000000000e+04
7.574600000000000000e+04
7.591900000000000000e+04
7.596700000000000000e+04
7.572700000000000000e+04
7.546000000000000000e+04
7.573800000000000000e+04
7.556600000000000000e+04
7.582900000000000000e+04
7.565500000000000000e+04
7.589000000000000000e+04
7.567600000000000000e+04
7.568900000000000000e+04
7.576600000000000000e+04
7.574300000000000000e+04
7.584400000000000000e+04
7.566900000000000000e+04
7.572500000000000000e+04
7.578600000000000000e+04
7.564400000000000000e+04
7.577600000000000000e+04
7.570000000000000000e+04
7.589200000000000000e+04
7.573200000000000000e+04
7.563800000000000000e+04
7.580200000000000000e+04
7.567200000000000000e+04
8.572500000000000000e+04
1.210120000000000000e+05
1.504220000000000000e+05
1.209290000000000000e+05
8.598500000000000000e+04
7.565100000000000000e+04
7.581200000000000000e+04
7.579800000000000000e+04
7.591000000000000000e+04
7.576000000000000000e+04
7.568500000000000000e+04
7.570300000000000000e+04
7.560000000000000000e+04
7.569500000000000000e+04
7.577800000000000000e+04
7.581300000000000000e+04
7.588100000000000000e+04
7.560000000000000000e+04
7.577100000000000000e+04
7.586900000000000000e+04
7.578600000000000000e+04
7.572900000000000000e+04
7.563600000000000000e+04
7.581600000000000000e+04
7.569600000000000000e+04
7.570500000000000000e+04
7.586300000000000000e+04
7.562000000000000000e+04
7.579800000000000000e+04
7.575800000000000000e+04
7.572700000000000000e+04
7.568900000000000000e+04
7.562600000000000000e+04
7.571700000000000000e+04
7.563000000000000000e+04
7.562800000000000000e+04
7.577900000000000000e+04
7.563000000000000000e+04
7.569400000000000000e+04
7.577800000000000000e+04
7.574800000000000000e+04
7.568300000000000000e+04
7.567600000000000000e+04
7.560500000000000000e+04
7.582600000000000000e+04
7.553800000000000000e+04
7.565500000000000000e+04
7.582400000000000000e+04
7.559100000000000000e+04
7.562600000000000000e+04
8.694600000000000000e+04
1.262190000000000000e+05
1.588770000000000000e+05
1.262240000000000000e+05
8.709900000000000000e+04
7.562400000000000000e+04
7.571100000000000000e+04
7.576700000000000000e+04
7.576200000000000000e+04
7.579900000000000000e+04
7.580900000000000000e+04
7.579900000000000000e+04
7.571100000000000000e+04
7.568000000000000000e+04
7.572600000000000000e+04
7.585500000000000000e+04
7.577700000000000000e+04
7.583100000000000000e+04
7.567000000000000000e+04
7.585300000000000000e+04
7.577400000000000000e+04
7.583400000000000000e+04
7.554000000000000000e+04
7.561600000000000000e+04
7.567400000000000000e+04
7.560800000000000000e+04
7.563200000000000000e+04
7.579300000000000000e+04
7.556100000000000000e+04
7.566100000000000000e+04
7.583700000000000000e+04
7.567100000000000000e+04
7.583100000000000000e+04
7.573500000000000000e+04
7.562500000000000000e+04
7.578000000000000000e+04
7.585700000000000000e+04
7.571800000000000000e+04
7.562300000000000000e+04
7.572400000000000000e+04
7.576600000000000000e+04
7.574400000000000000e+04
7.570800000000000000e+04
7.548100000000000000e+04
7.580200000000000000e+04
7.565300000000000000e+04
7.580200000000000000e+04
7.572600000000000000e+04
7.587500000000000000e+04
7.590600000000000000e+04
8.818900000000000000e+04
1.319260000000000000e+05
1.684490000000000000e+05
1.318580000000000000e+05
8.838300000000000000e+04
7.570400000000000000e+04
7.570200000000000000e+04
7.572700000000000000e+04
7.560700000000000000e+04
7.564400000000000000e+04
7.575700000000000000e+04
7.585300000000000000e+04
7.576800000000000000e+04
7.573300000000000000e+04
7.573000000000000000e+04
7.573800000000000000e+04
7.571900000000000000e+04
7.571000000000000000e+04
7.572500000000000000e+04
7.581500000000000000e+04
7.556400000000000000e+04
7.577900000000000000e+04
7.564200000000000000e+04
7.572900000000000000e+04
7.546900000000000000e+04
7.575700000000000000e+04
7.581200000000000000e+04
7.567400000000000000e+04
7.565300000000000000e+04
7.589800000000000000e+04
7.574100000000000000e+04
7.570500000000000000e+04
7.569500000000000000e+04
7.566100000000000000e+04
7.566600000000000000e+04
7.570200000000000000e+04
7.580400000000000000e+04
7.573400000000000000e+04
7.558700000000000000e+04
7.584400000000000000e+04
7.581500000000000000e+04
7.561100000000000000e+04
7.567600000000000000e+04
7.573200000000000000e+04
7.558300000000000000e+04
7.572900000000000000e+04
7.566100000000000000e+04
7.581900000000000000e+04
7.573300000000000000e+04
7.590200000000000000e+04
8.988000000000000000e+04
1.387210000000000000e+05
1.796310000000000000e+05
1.385560000000000000e+05
8.963600000000000000e+04
7.568700000000000000e+04
7.581800000000000000e+04
7.565200000000000000e+04
7.565700000000000000e+04
7.594600000000000000e+04
7.588100000000000000e+04
7.581600000000000000e+04
7.588400000000000000e+04
7.576700000000000000e+04
7.571700000000000000e+04
7.574400000000000000e+04
7.590700000000000000e+04
7.573300000000000000e+04
7.577800000000000000e+04
7.566300000000000000e+04
7.583800000000000000e+04
7.577400000000000000e+04
7.581000000000000000e+04
7.565500000000000000e+04
7.578100000000000000e+04
7.563500000000000000e+04
7.573200000000000000e+04
7.562000000000000000e+04
7.567500000000000000e+04
7.590200000000000000e+04
7.554700000000000000e+04
7.579000000000000000e+04
7.572300000000000000e+04
7.575600000000000000e+04
7.578800000000000000e+04
7.576900000000000000e+04
7.584700000000000000e+04
7.582300000000000000e+04
7.563500000000000000e+04
7.574100000000000000e+04
7.567300000000000000e+04
7.583500000000000000e+04
7.572400000000000000e+04
7.574700000000000000e+04
7.580600000000000000e+04
7.566400000000000000e+04
7.571200000000000000e+04
7.585100000000000000e+04
7.584000000000000000e+04
7.568200000000000000e+04
9.141900000000000000e+04
1.462390000000000000e+05
1.921100000000000000e+05
1.462590000000000000e+05
9.149100000000000000e+04
7.581100000000000000e+04
7.595100000000000000e+04
7.576100000000000000e+04
7.566200000000000000e+04
7.566400000000000000e+04
7.560800000000000000e+04
7.584600000000000000e+04
7.565700000000000000e+04
7.572200000000000000e+04
7.577800000000000000e+04
7.588600000000000000e+04
7.574700000000000000e+04
7.575900000000000000e+04
7.582000000000000000e+04
7.574700000000000000e+04
7.579700000000000000e+04
7.573200000000000000e+04
7.571200000000000000e+04
7.580000000000000000e+04
7.574100000000000000e+04
7.585200000000000000e+04
7.569900000000000000e+04
7.573300000000000000e+04
7.567000000000000000e+04
7.567500000000000000e+04
7.564800000000000000e+04
7.578300000000000000e+04
7.568100000000000000e+04
7.558400000000000000e+04
7.581900000000000000e+04
7.571200000000000000e+04
7.575700000000000000e+04
7.576400000000000000e+04
7.568000000000000000e+04
7.566900000000000000e+04
7.562800000000000000e+04
7.573300000000000000e+04
7.572000000000000000e+04
7.572800000000000000e+04
7.573500000000000000e+04
7.579200000000000000e+04
7.592000000000000000e+04
7.564700000000000000e+04
7.573400000000000000e+04
7.573700000000000000e+04
9.344000000000000000e+04
1.548610000000000000e+05
2.062110000000000000e+05
1.548560000000000000e+05
9.346600000000000000e+04
7.586000000000000000e+04
7.573400000000000000e+04
7.570700000000000000e+04
7.582000000000000000e+04
7.569900000000000000e+04
7.568300000000000000e+04
7.574700000000000000e+04
7.570300000000000000e+04
7.573700000000000000e+04
7.585000000000000000e+04
7.588900000000000000e+04
7.594600000000000000e+04
7.563800000000000000e+04
7.566400000000000000e+04
7.580200000000000000e+04
7.579000000000000000e+04
7.580000000000000000e+04
7.575800000000000000e+04
7.582100000000000000e+04
7.584000000000000000e+04
7.569800000000000000e+04
7.580000000000000000e+04
7.583400000000000000e+04
7.571500000000000000e+04
7.582500000000000000e+04
7.569800000000000000e+04
7.571400000000000000e+04
7.569600000000000000e+04
7.560400000000000000e+04
7.578800000000000000e+04
7.565000000000000000e+04
7.574500000000000000e+04
7.575900000000000000e+04
7.580600000000000000e+04
7.550200000000000000e+04
7.571700000000000000e+04
7.568400000000000000e+04
7.564200000000000000e+04
7.584500000000000000e+04
7.570600000000000000e+04
7.569100000000000000e+04
7.565300000000000000e+04
7.581300000000000000e+04
7.566400000000000000e+04
7.578600000000000000e+04
9.568300000000000000e+04
1.646470000000000000e+05
2.223480000000000000e+05
1.645420000000000000e+05
9.568700000000000000e+04
7.580500000000000000e+04
7.576500000000000000e+04
7.568200000000000000e+04
7.566900000000000000e+04
7.565500000000000000e+04
7.561200000000000000e+04
7.570200000000000000e+04
7.587900000000000000e+04
7.559800000000000000e+04
7.559400000000000000e+04
7.554900000000000000e+04
7.569900000000000000e+04
7.570300000000000000e+04
7.573100000000000000e+04
7.565700000000000000e+04
7.570300000000000000e+04
7.571800000000000000e+04
7.550300000000000000e+04
7.583100000000000000e+04
7.563300000000000000e+04
7.557500000000000000e+04
7.568900000000000000e+04
7.565500000000000000e+04
7.553900000000000000e+04
7.571200000000000000e+04
7.563000000000000000e+04
7.564700000000000000e+04
7.581400000000000000e+04
7.568100000000000000e+04
7.557000000000000000e+04
7.563400000000000000e+04
7.547200000000000000e+04
7.562300000000000000e+04
7.577600000000000000e+04
7.582000000000000000e+04
7.579100000000000000e+04
7.567300000000000000e+04
7.568700000000000000e+04
7.573500000000000000e+04
7.578700000000000000e+04
7.582500000000000000e+04
7.571700000000000000e+04
7.579300000000000000e+04
7.590200000000000000e+04
7.583200000000000000e+04
9.796100000000000000e+04
1.755940000000000000e+05
2.405070000000000000e+05
1.755160000000000000e+05
9.815100000000000000e+04
7.573700000000000000e+04
7.583100000000000000e+04
7.574900000000000000e+04
7.576100000000000000e+04
7.583000000000000000e+04
7.580300000000000000e+04
7.570100000000000000e+04
7.574200000000000000e+04
7.563600000000000000e+04
7.575000000000000000e+04
7.570500000000000000e+04
7.575500000000000000e+04
7.577800000000000000e+04
7.579000000000000000e+04
7.585100000000000000e+04
7.577800000000000000e+04
7.574300000000000000e+04
7.579500000000000000e+04
7.581300000000000000e+04
7.579200000000000000e+04
1.336780000000000000e+05
7.585200000000000000e+04
7.574500000000000000e+04
7.573800000000000000e+04
7.566700000000000000e+04
7.579400000000000000e+04
7.585500000000000000e+04
7.578300000000000000e+04
7.567900000000000000e+04
7.569700000000000000e+04
7.575700000000000000e+04
7.561600000000000000e+04
7.577500000000000000e+04
7.563200000000000000e+04
7.575300000000000000e+04
7.567700000000000000e+04
7.578600000000000000e+04
7.581200000000000000e+04
7.565800000000000000e+04
7.561600000000000000e+04
7.562300000000000000e+04
7.566900000000000000e+04
7.571500000000000000e+04
7.564500000000000000e+04
7.568700000000000000e+04
1.007820000000000000e+05
1.882580000000000000e+05
2.611370000000000000e+05
1.883420000000000000e+05
1.007830000000000000e+05
7.575800000000000000e+04
7.578400000000000000e+04
7.585900000000000000e+04
7.576900000000000000e+04
7.568400000000000000e+04
7.571900000000000000e+04
7.581800000000000000e+04
7.578100000000000000e+04
7.567800000000000000e+04
7.581700000000000000e+04
7.583100000000000000e+04
7.566200000000000000e+04
7.583600000000000000e+04
7.560200000000000000e+04
7.552000000000000000e+04
7.578000000000000000e+04
7.569500000000000000e+04
7.574000000000000000e+04
7.574400000000000000e+04
7.592800000000000000e+04
7.574500000000000000e+04
7.576500000000000000e+04
7.564700000000000000e+04
7.564100000000000000e+04
7.563400000000000000e+04
7.567500000000000000e+04
7.579800000000000000e+04
7.579700000000000000e+04
7.584600000000000000e+04
7.565300000000000000e+04
7.570900000000000000e+04
7.566800000000000000e+04
7.573500000000000000e+04
7.553000000000000000e+04
7.557500000000000000e+04
7.593500000000000000e+04
7.572800000000000000e+04
7.568800000000000000e+04
7.577100000000000000e+04
7.581100000000000000e+04
7.563800000000000000e+04
7.574200000000000000e+04
7.562000000000000000e+04
7.577200000000000000e+04
7.567000000000000000e+04
1.040230000000000000e+05
2.022890000000000000e+05
2.846430000000000000e+05
2.023010000000000000e+05
1.039990000000000000e+05
7.568100000000000000e+04
7.562200000000000000e+04
7.568500000000000000e+04
7.564300000000000000e+04
7.593600000000000000e+04
7.578500000000000000e+04
7.558600000000000000e+04
7.575400000000000000e+04
7.562400000000000000e+04
7.577400000000000000e+04
7.586500000000000000e+04
7.558800000000000000e+04
7.565900000000000000e+04
7.587300000000000000e+04
7.576300000000000000e+04
7.586600000000000000e+04
7.559100000000000000e+04
7.596200000000000000e+04
7.569000000000000000e+04
7.575800000000000000e+04
7.572400000000000000e+04
7.559800000000000000e+04
7.565300000000000000e+04
7.561500000000000000e+04
7.570100000000000000e+04
7.576100000000000000e+04
7.556400000000000000e+04
7.577500000000000000e+04
7.587700000000000000e+04
7.571600000000000000e+04
7.567500000000000000e+04
7.566800000000000000e+04
7.552000000000000000e+04
7.583100000000000000e+04
7.574400000000000000e+04
7.571800000000000000e+04
7.555300000000000000e+04
7.566500000000000000e+04
7.580400000000000000e+04
7.566700000000000000e+04
7.581000000000000000e+04
7.578500000000000000e+04
7.567700000000000000e+04
7.570500000000000000e+04
7.577100000000000000e+04
1.077330000000000000e+05
2.184030000000000000e+05
3.109850000000000000e+05
2.183590000000000000e+05
1.075850000000000000e+05
7.569900000000000000e+04
7.581800000000000000e+04
7.586300000000000000e+04
7.563700000000000000e+04
7.571900000000000000e+04
7.567500000000000000e+04
7.553800000000000000e+04
7.584800000000000000e+04
7.589700000000000000e+04
7.571100000000000000e+04
7.572100000000000000e+04
7.572400000000000000e+04
7.560700000000000000e+04
7.570000000000000000e+04
7.577400000000000000e+04
7.571700000000000000e+04
7.557400000000000000e+04
7.562800000000000000e+04
7.556300000000000000e+04
7.580200000000000000e+04
7.557700000000000000e+04
7.577800000000000000e+04
7.597800000000000000e+04
7.570200000000000000e+04
7.560200000000000000e+04
7.587100000000000000e+04
7.562600000000000000e+04
7.568700000000000000e+04
7.557200000000000000e+04
7.574800000000000000e+04
7.572500000000000000e+04
7.578900000000000000e+04
7.575300000000000000e+04
7.560800000000000000e+04
7.583800000000000000e+04
7.563100000000000000e+04
7.574300000000000000e+04
7.566900000000000000e+04
7.576900000000000000e+04
7.568000000000000000e+04
7.576700000000000000e+04
7.595300000000000000e+04
7.577200000000000000e+04
7.591200000000000000e+04
7.584500000000000000e+04
1.116890000000000000e+05
2.366790000000000000e+05
3.408890000000000000e+05
2.365350000000000000e+05
1.114370000000000000e+05
7.570100000000000000e+04
7.574900000000000000e+04
7.570000000000000000e+04
7.559300000000000000e+04
7.586200000000000000e+04
7.578400000000000000e+04
7.572000000000000000e+04
7.578600000000000000e+04
7.591900000000000000e+04
7.571700000000000000e+04
7.569200000000000000e+04
7.571900000000000000e+04
7.570100000000000000e+04
7.565300000000000000e+04
7.583700000000000000e+04
7.574700000000000000e+04
7.564700000000000000e+04
7.582000000000000000e+04
7.579500000000000000e+04
7.576700000000000000e+04
7.589200000000000000e+04
7.571300000000000000e+04
7.557600000000000000e+04
7.582800000000000000e+04
7.575500000000000000e+04
7.580000000000000000e+04
7.543700000000000000e+04
7.559900000000000000e+04
7.554700000000000000e+04
7.577200000000000000e+04
7.581200000000000000e+04
7.581600000000000000e+04
7.579100000000000000e+04
7.573300000000000000e+04
7.567400000000000000e+04
7.569400000000000000e+04
7.577200000000000000e+04
7.588600000000000000e+04
7.572200000000000000e+04
7.564000000000000000e+04
7.577800000000000000e+04
7.570100000000000000e+04
7.587200000000000000e+04
7.579800000000000000e+04
7.584400000000000000e+04
1.161460000000000000e+05
2.574170000000000000e+05
3.750020000000000000e+05
2.572220000000000000e+05
1.161700000000000000e+05
7.587400000000000000e+04
1.275130000000000000e+05
7.578900000000000000e+04
7.562000000000000000e+04
7.579400000000000000e+04
7.578500000000000000e+04
7.558600000000000000e+04
7.576900000000000000e+04
7.570900000000000000e+04
7.567800000000000000e+04
7.569800000000000000e+04
7.584700000000000000e+04
7.563300000000000000e+04
7.568400000000000000e+04
7.580300000000000000e+04
7.574300000000000000e+04
7.577900000000000000e+04
7.557000000000000000e+04
7.564400000000000000e+04
7.567700000000000000e+04
7.577800000000000000e+04
7.582000000000000000e+04
7.594700000000000000e+04
7.561200000000000000e+04
7.569900000000000000e+04
7.568100000000000000e+04
7.578400000000000000e+04
7.567400000000000000e+04
7.583000000000000000e+04
7.576700000000000000e+04
7.589200000000000000e+04
7.571400000000000000e+04
7.582100000000000000e+04
7.572400000000000000e+04
7.581500000000000000e+04
7.579700000000000000e+04
7.580100000000000000e+04
7.567600000000000000e+04
7.571700000000000000e+04
7.568600000000000000e+04
7.593300000000000000e+04
7.570300000000000000e+04
7.573500000000000000e+04
7.564300000000000000e+04
7.575100000000000000e+04
1.214420000000000000e+05
2.807150000000000000e+05
4.134400000000000000e+05
2.805340000000000000e+05
1.214820000000000000e+05
7.575800000000000000e+04
7.577300000000000000e+04
7.570200000000000000e+04
7.573300000000000000e+04
7.570700000000000000e+04
7.575300000000000000e+04
7.582000000000000000e+04
7.578900000000000000e+04
7.577300000000000000e+04
7.576400000000000000e+04
7.569500000000000000e+04
7.575700000000000000e+04
7.565300000000000000e+04
7.585200000000000000e+04
7.562300000000000000e+04
7.564600000000000000e+04
7.594500000000000000e+04
7.555700000000000000e+04
7.576200000000000000e+04
7.580700000000000000e+04
7.571500000000000000e+04
7.573300000000000000e+04
7.583500000000000000e+04
7.587700000000000000e+04
7.566400000000000000e+04
7.579800000000000000e+04
7.582800000000000000e+04
7.588900000000000000e+04
7.583800000000000000e+04
7.564700000000000000e+04
7.582200000000000000e+04
7.575600000000000000e+04
7.578600000000000000e+04
7.572000000000000000e+04
7.576500000000000000e+04
7.577900000000000000e+04
7.588900000000000000e+04
7.593100000000000000e+04
7.573700000000000000e+04
7.577900000000000000e+04
7.563300000000000000e+04
7.578700000000000000e+04
7.577100000000000000e+04
7.580200000000000000e+04
7.569000000000000000e+04
1.271770000000000000e+05
3.071460000000000000e+05
4.571890000000000000e+05
3.071320000000000000e+05
1.273130000000000000e+05
7.579100000000000000e+04
7.572200000000000000e+04
7.594200000000000000e+04
7.554900000000000000e+04
7.581300000000000000e+04
7.574000000000000000e+04
7.573800000000000000e+04
7.576300000000000000e+04
7.567400000000000000e+04
7.560500000000000000e+04
7.577400000000000000e+04
7.564700000000000000e+04
7.562100000000000000e+04
7.562600000000000000e+04
7.581300000000000000e+04
7.573900000000000000e+04
7.577100000000000000e+04
7.570700000000000000e+04
7.567400000000000000e+04
7.561200000000000000e+04
7.580700000000000000e+04
7.570700000000000000e+04
7.564900000000000000e+04
7.584800000000000000e+04
7.580700000000000000e+04
7.575800000000000000e+04
7.569900000000000000e+04
7.561100000000000000e+04
7.590800000000000000e+04
7.584500000000000000e+04
7.584700000000000000e+04
7.555600000000000000e+04
7.600400000000000000e+04
7.570100000000000000e+04
7.581700000000000000e+04
7.570100000000000000e+04
7.559000000000000000e+04
7.548400000000000000e+04
7.573100000000000000e+04
7.570200000000000000e+04
7.576000000000000000e+04
7.579600000000000000e+04
7.578300000000000000e+04
7.585400000000000000e+04
7.567300000000000000e+04
1.342720000000000000e+05
3.371990000000000000e+05
5.066720000000000000e+05
3.371000000000000000e+05
1.342470000000000000e+05
7.587200000000000000e+04
7.574900000000000000e+04
7.566000000000000000e+04
7.568300000000000000e+04
7.566600000000000000e+04
7.543600000000000000e+04
7.580800000000000000e+04
7.577000000000000000e+04
7.587000000000000000e+04
7.555200000000000000e+04
7.566200000000000000e+04
7.574500000000000000e+04
7.570900000000000000e+04
7.584400000000000000e+04
7.559900000000000000e+04
7.585600000000000000e+04
7.576800000000000000e+04
7.585700000000000000e+04
7.589800000000000000e+04
7.583600000000000000e+04
7.564400000000000000e+04
7.552500000000000000e+04
7.560500000000000000e+04
7.580800000000000000e+04
7.588700000000000000e+04
7.571000000000000000e+04
7.575100000000000000e+04
7.572800000000000000e+04
7.564300000000000000e+04
7.573900000000000000e+04
7.580900000000000000e+04
7.571100000000000000e+04
7.574500000000000000e+04
7.578500000000000000e+04
7.563300000000000000e+04
7.577100000000000000e+04
7.561300000000000000e+04
7.581600000000000000e+04
7.555200000000000000e+04
7.564200000000000000e+04
7.573900000000000000e+04
7.558900000000000000e+04
7.570000000000000000e+04
7.560900000000000000e+04
7.571500000000000000e+04
1.416000000000000000e+05
3.711800000000000000e+05
5.628750000000000000e+05
3.711070000000000000e+05
1.415670000000000000e+05
7.595500000000000000e+04
7.565100000000000000e+04
7.566400000000000000e+04
7.571200000000000000e+04
7.571900000000000000e+04
7.573100000000000000e+04
